1880  -20
1881  -11
1882  -10
1883  -20
1884  -28
1885  -31
1886  -30
1887  -33
1888  -20
1889  -12
1890  -37
1891  -24
1892  -26
1893  -29
1894  -30
1895  -21
1896  -14
1897  -11
1898  -29
1899  -16
1900   -9
1901  -14
1902  -28
1903  -36
1904  -44
1905  -28
1906  -22
1907  -40
1908  -43
1909  -47
1910  -43
1911  -45
1912  -35
1913  -34
1914  -16
1915  -11
1916  -34
1917  -40
1918  -25
1919  -22
1920  -26
1921  -20
1922  -27
1923  -23
1924  -28
1925  -20
1926  -10
1927  -21
1928  -21
1929  -36
1930  -14
1931  -10
1932  -17
1933  -29
1934  -14
1935  -20
1936  -15
1937   -2
1938   -3
1939   -3
1940    8
1941   12
1942   10
1943   13
1944   25
1945   12
1946   -4
1947   -4
1948  -10
1949  -10
1950  -18
1951   -7
1952    1
1953    8
1954  -12
1955  -14
1956  -19
1957    4
1958    6
1959    3
1960   -3
1961    6
1962    3
1963    6
1964  -20
1965  -10
1966   -5
1967   -2
1968   -7
1969    6
1970    2
1971  -10
1972    1
1973   15
1974   -8
1975   -1
1976  -11
1977   18
1978    7
1979   17
1980   27
1981   33
1982   13
1983   31
1984   16
1985   12
1986   19
1987   34
1988   40
1989   29
1990   44
1991   43
1992   23
1993   24
1994   32
1995   46
1996   35
1997   48
1998   64
1999   42
2000   43
2001   55
2002   63
2003   62
2004   55
2005   69
2006   64
2007   66
2008   54
2009   65
2010   72
2011   61
2012   64
2013   66
2014   75
